n = 2000, simulation time = 15.5001 seconds
n = 2000, absmin = 0.784411, absavg = 0.958156
